   4.3889406e-01
   2.4693365e-01
   2.4691926e-01
   2.4682006e-01
   2.4407990e-01
   1.6140716e-01
   1.1324255e-01
   1.0901734e-01
   1.0812543e-01
   1.0705462e-01
   1.0592663e-01
   1.0497726e-01
   1.0423238e-01
   1.0373497e-01
   1.0346532e-01
   1.0336210e-01
   1.0341668e-01
   1.0358672e-01
   1.0382076e-01
   1.0411114e-01
   1.0442905e-01
   1.0476522e-01
   1.0512942e-01
   1.0550322e-01
   1.0588321e-01
   1.0626960e-01
   1.0666068e-01
   1.0705658e-01
   1.0744645e-01
   1.0783642e-01
   1.0820813e-01
   1.0856078e-01
   1.0888963e-01
   1.0920421e-01
   1.0950920e-01
   1.0979578e-01
   1.1006352e-01
   1.1031520e-01
   1.1055130e-01
   1.1077038e-01
   1.1097507e-01
   1.1116798e-01
   1.1134714e-01
   1.1151262e-01
   1.1166625e-01
   1.1181040e-01
   1.1194440e-01
   1.1206912e-01
   1.1218586e-01
   1.1229547e-01
   1.1239756e-01
   1.1249324e-01
